161 0
-1 -162 0
-2 -162 0
162 -163 0
-3 -163 0
-1 -2 -164 0
164 -165 0
162 -3 -165 0
165 -166 0
163 -4 -166 0
164 -3 -167 0
167 -168 0
165 -4 -168 0
168 -169 0
166 -5 -169 0
169 0
170 0
1 -171 0
2 -171 0
1 2 -172 0
172 -173 0
171 3 -173 0
172 3 -174 0
174 -175 0
173 4 -175 0
174 4 -176 0
176 -177 0
175 5 -177 0
177 0
-15 178 0
-6 178 0
-15 -6 179 0
-7 180 0
-8 180 0
-7 -8 181 0
-9 180 0
-7 -9 181 0
-8 -9 181 0
-7 -8 -9 182 0
-10 183 0
-11 183 0
-10 -11 184 0
-12 183 0
-10 -12 184 0
-11 -12 184 0
-10 -11 -12 185 0
-13 186 0
-14 186 0
-13 -14 187 0
-25 186 0
-13 -25 187 0
-14 -25 187 0
-13 -14 -25 188 0
-16 189 0
-17 189 0
-16 -17 190 0
-18 189 0
-16 -18 190 0
-17 -18 190 0
-16 -17 -18 191 0
-19 192 0
-20 192 0
-19 -20 193 0
-21 192 0
-19 -21 193 0
-20 -21 193 0
-19 -20 -21 194 0
-22 195 0
-23 195 0
-22 -23 196 0
-24 195 0
-22 -24 196 0
-23 -24 196 0
-22 -23 -24 197 0
-192 198 0
-193 199 0
-194 200 0
-195 198 0
-196 199 0
-197 200 0
-192 -195 199 0
-192 -196 200 0
-193 -195 200 0
-189 201 0
-190 202 0
-191 203 0
-198 201 0
-199 202 0
-200 203 0
-189 -198 202 0
-189 -199 203 0
-190 -198 203 0
-186 204 0
-187 205 0
-188 206 0
-201 204 0
-202 205 0
-203 206 0
-186 -201 205 0
-186 -202 206 0
-187 -201 206 0
-183 207 0
-184 208 0
-185 209 0
-204 207 0
-205 208 0
-206 209 0
-183 -204 208 0
-183 -205 209 0
-184 -204 209 0
-180 210 0
-181 211 0
-182 212 0
-207 210 0
-208 211 0
-209 212 0
-180 -207 211 0
-180 -208 212 0
-181 -207 212 0
-178 213 0
-179 214 0
-210 213 0
-211 214 0
-212 215 0
-178 -210 214 0
-178 -211 215 0
-179 -210 215 0
-215 0
216 0
6 -217 0
7 -217 0
6 7 -218 0
218 -219 0
217 8 -219 0
218 8 -220 0
220 -221 0
219 9 -221 0
220 9 -222 0
222 -223 0
221 10 -223 0
222 10 -224 0
224 -225 0
223 11 -225 0
224 11 -226 0
226 -227 0
225 12 -227 0
226 12 -228 0
228 -229 0
227 13 -229 0
228 13 -230 0
230 -231 0
229 14 -231 0
230 14 -232 0
232 -233 0
231 15 -233 0
232 15 -234 0
234 -235 0
233 16 -235 0
234 16 -236 0
236 -237 0
235 17 -237 0
236 17 -238 0
238 -239 0
237 18 -239 0
238 18 -240 0
240 -241 0
239 19 -241 0
240 19 -242 0
242 -243 0
241 20 -243 0
242 20 -244 0
244 -245 0
243 21 -245 0
244 21 -246 0
246 -247 0
245 22 -247 0
246 22 -248 0
248 -249 0
247 23 -249 0
248 23 -250 0
250 -251 0
249 24 -251 0
250 24 -252 0
252 -253 0
251 25 -253 0
253 0
254 0
-151 -255 0
-152 -255 0
255 -256 0
-153 -256 0
-151 -152 -257 0
257 -258 0
255 -153 -258 0
258 -259 0
256 -154 -259 0
257 -153 -260 0
260 -261 0
258 -154 -261 0
261 -262 0
259 -155 -262 0
262 0
263 0
151 -264 0
152 -264 0
151 152 -265 0
265 -266 0
264 153 -266 0
265 153 -267 0
267 -268 0
266 154 -268 0
267 154 -269 0
269 -270 0
268 155 -270 0
270 0
271 0
-156 -272 0
-157 -272 0
272 -273 0
-158 -273 0
-156 -157 -274 0
274 -275 0
272 -158 -275 0
275 -276 0
273 -159 -276 0
274 -158 -277 0
277 -278 0
275 -159 -278 0
278 -279 0
276 -160 -279 0
279 0
280 0
156 -281 0
157 -281 0
156 157 -282 0
282 -283 0
281 158 -283 0
282 158 -284 0
284 -285 0
283 159 -285 0
284 159 -286 0
286 -287 0
285 160 -287 0
287 0
+vars= 127
+clauses= 244