14 # cells
20 # mutations
0 0 0 0 0 1 1 0 0 1 0 0 0 1 0 0 1 1 0 0
0 0 0 0 0 0 1 0 0 1 0 0 0 1 0 0 0 1 0 1
0 0 0 0 0 0 1 0 0 1 0 0 0 1 0 0 1 1 0 0
0 0 0 0 0 1 1 0 0 1 0 0 0 1 0 0 1 1 0 0
1 0 0 0 0 0 1 1 0 1 0 0 0 1 0 0 0 1 0 0
0 0 0 1 0 0 1 1 0 1 0 1 0 1 0 0 0 1 0 0
0 0 0 0 0 0 1 0 0 1 0 0 0 1 0 0 1 1 0 0
0 0 0 0 0 1 1 0 0 1 0 0 0 1 0 0 1 1 0 0
0 0 0 0 0 0 1 0 0 1 0 0 0 1 0 0 1 1 0 0
0 1 1 0 1 0 0 0 0 0 1 0 1 0 1 1 0 0 1 0
0 0 0 0 0 0 1 0 0 1 0 0 0 1 0 0 1 1 0 0
0 1 1 0 1 0 0 0 1 0 1 0 1 0 1 0 0 0 0 0
0 0 0 0 0 0 1 0 0 1 0 0 0 1 0 0 1 1 0 0
0 1 1 0 1 0 0 0 0 0 1 0 1 0 1 0 0 0 0 0
